{
 "cells": [
  {
   "cell_type": "code",
   "execution_count": 20,
   "metadata": {},
   "outputs": [
    {
     "name": "stdout",
     "output_type": "stream",
     "text": [
      "[[0, 245, 987, 180, 0, 0, 0, 738, 0, 30, 0, 0, 73, 567, 0, 0, 0, 357, 754, 0, 0, 866, 779, 911, 830, 0, 176, 0, 798, 715, 532, 488, 530, 736, 0, 0, 0, 0, 80, 48, 0, 488, 0, 0, 888, 0, 0, 405, 0, 238, 266, 395, 372, 0, 96, 327, 0, 747, 0, 0], [245, 0, 0, 0, 269, 856, 0, 401, 786, 6, 0, 841, 749, 328, 414, 171, 0, 255, 0, 0, 0, 0, 926, 955, 853, 820, 818, 0, 843, 0, 360, 0, 0, 885, 8, 635, 375, 83, 944, 675, 736, 0, 759, 0, 627, 629, 957, 93, 0, 175, 279, 0, 0, 84, 322, 244, 0, 61, 892, 449], [987, 0, 0, 156, 366, 854, 0, 137, 0, 179, 796, 454, 0, 81, 0, 564, 0, 708, 0, 0, 827, 0, 0, 234, 480, 634, 460, 433, 390, 54, 0, 99, 878, 0, 799, 0, 113, 0, 0, 0, 673, 0, 54, 152, 0, 515, 98, 225, 549, 763, 454, 523, 0, 814, 0, 159, 699, 3, 761, 558], [180, 0, 156, 0, 631, 0, 0, 758, 0, 964, 514, 0, 819, 559, 103, 922, 0, 759, 720, 0, 832, 75, 940, 826, 0, 0, 76, 184, 781, 790, 0, 831, 0, 0, 0, 0, 0, 515, 0, 0, 0, 0, 801, 0, 405, 121, 750, 0, 804, 366, 704, 857, 0, 621, 2, 0, 0, 0, 54, 872], [0, 269, 366, 631, 0, 0, 54, 0, 232, 83, 952, 879, 0, 0, 432, 0, 817, 0, 0, 162, 52, 702, 999, 751, 970, 146, 509, 836, 518, 0, 0, 275, 0, 687, 0, 0, 0, 76, 120, 0, 938, 0, 0, 0, 0, 0, 0, 0, 0, 580, 499, 0, 785, 628, 49, 514, 0, 0, 157, 0], [0, 856, 854, 0, 0, 0, 13, 0, 915, 725, 0, 81, 5, 108, 580, 0, 257, 0, 0, 0, 357, 0, 0, 0, 250, 0, 456, 810, 305, 0, 464, 470, 92, 29, 0, 195, 420, 0, 0, 0, 384, 673, 355, 464, 585, 837, 786, 0, 686, 605, 416, 0, 497, 0, 0, 261, 0, 217, 0, 18], [0, 0, 0, 0, 54, 13, 0, 0, 86, 821, 186, 734, 0, 484, 0, 0, 615, 351, 0, 659, 926, 0, 507, 799, 330, 2, 337, 298, 252, 63, 0, 374, 371, 0, 165, 41, 226, 0, 14, 0, 0, 784, 324, 395, 0, 0, 683, 256, 399, 0, 0, 237, 473, 651, 930, 849, 0, 0, 0, 0], [738, 401, 137, 758, 0, 0, 0, 0, 495, 121, 220, 0, 0, 669, 0, 714, 0, 884, 0, 416, 0, 0, 0, 0, 0, 387, 0, 84, 701, 263, 167, 729, 214, 0, 0, 0, 0, 773, 210, 965, 0, 125, 0, 0, 935, 0, 0, 832, 536, 684, 975, 0, 0, 689, 824, 0, 0, 0, 200, 935], [0, 786, 0, 0, 232, 915, 86, 495, 0, 0, 300, 721, 842, 489, 0, 429, 0, 955, 838, 466, 229, 0, 345, 0, 190, 723, 0, 222, 0, 0, 775, 0, 0, 0, 0, 51, 0, 154, 583, 0, 0, 474, 508, 0, 0, 0, 0, 451, 0, 0, 768, 0, 19, 0, 54, 139, 0, 314, 131, 0], [30, 6, 179, 964, 83, 725, 821, 121, 0, 0, 805, 979, 0, 199, 342, 0, 516, 258, 558, 0, 0, 774, 0, 0, 0, 0, 0, 0, 574, 0, 0, 33, 245, 609, 0, 929, 0, 0, 811, 33, 0, 317, 623, 638, 326, 509, 0, 11, 317, 0, 278, 0, 0, 0, 256, 344, 0, 0, 393, 0], [0, 0, 796, 514, 952, 0, 186, 220, 300, 805, 0, 14, 528, 62, 984, 104, 323, 782, 744, 0, 989, 54, 0, 728, 0, 580, 0, 0, 3, 796, 336, 0, 344, 667, 0, 0, 0, 305, 0, 0, 0, 0, 748, 0, 0, 202, 0, 863, 0, 366, 45, 517, 0, 0, 0, 0, 732, 795, 0, 0], [0, 841, 454, 0, 879, 81, 734, 0, 721, 979, 14, 0, 392, 0, 221, 587, 0, 214, 0, 956, 180, 273, 88, 987, 0, 0, 355, 640, 468, 268, 0, 238, 0, 390, 0, 92, 0, 0, 0, 450, 808, 779, 682, 0, 0, 255, 0, 539, 314, 285, 631, 0, 59, 935, 0, 532, 0, 0, 50, 125], [73, 749, 0, 819, 0, 5, 0, 0, 842, 0, 528, 392, 0, 89, 573, 572, 583, 996, 150, 195, 0, 0, 0, 246, 0, 261, 0, 0, 0, 0, 544, 315, 0, 0, 707, 0, 0, 0, 509, 798, 409, 874, 0, 886, 194, 0, 988, 890, 0, 310, 833, 584, 17, 138, 137, 26, 606, 829, 0, 592], [567, 328, 81, 559, 0, 108, 484, 669, 489, 199, 62, 0, 89, 0, 626, 0, 799, 542, 478, 0, 869, 564, 14, 338, 767, 481, 306, 335, 104, 890, 0, 0, 144, 0, 0, 0, 0, 631, 835, 514, 0, 907, 0, 0, 334, 844, 581, 0, 551, 971, 0, 946, 0, 0, 659, 394, 1, 582, 0, 497], [0, 414, 0, 103, 432, 580, 0, 0, 0, 342, 984, 221, 573, 626, 0, 0, 0, 0, 0, 449, 931, 0, 0, 550, 88, 0, 0, 0, 0, 848, 0, 0, 669, 665, 0, 0, 0, 0, 574, 0, 0, 78, 0, 732, 0, 809, 0, 0, 0, 899, 145, 387, 383, 236, 0, 0, 0, 0, 400, 254], [0, 171, 564, 922, 0, 0, 0, 714, 429, 0, 104, 587, 572, 0, 0, 0, 0, 0, 174, 140, 0, 179, 964, 0, 414, 0, 136, 689, 0, 25, 315, 0, 909, 0, 0, 0, 0, 264, 0, 0, 387, 0, 300, 0, 441, 0, 0, 871, 0, 885, 17, 524, 834, 754, 0, 0, 831, 460, 0, 0], [0, 0, 0, 0, 817, 257, 615, 0, 0, 516, 323, 0, 583, 799, 0, 0, 0, 0, 0, 857, 904, 375, 702, 895, 0, 99, 559, 0, 462, 0, 627, 0, 0, 0, 0, 0, 642, 0, 109, 0, 0, 648, 0, 982, 157, 0, 76, 0, 632, 0, 0, 0, 799, 28, 163, 0, 377, 0, 195, 322], [357, 255, 708, 759, 0, 0, 351, 884, 955, 258, 782, 214, 996, 542, 0, 0, 0, 0, 911, 424, 0, 0, 0, 308, 620, 876, 755, 295, 0, 0, 0, 389, 0, 0, 152, 0, 535, 0, 908, 845, 793, 238, 309, 307, 975, 176, 229, 0, 440, 286, 106, 449, 373, 0, 764, 284, 966, 367, 0, 0], [754, 0, 0, 720, 0, 0, 0, 0, 838, 558, 744, 0, 150, 478, 0, 174, 0, 911, 0, 0, 0, 0, 227, 0, 869, 0, 641, 0, 643, 0, 0, 409, 0, 17, 0, 0, 0, 835, 203, 576, 42, 527, 750, 240, 0, 654, 667, 0, 0, 631, 0, 439, 108, 85, 674, 59, 0, 738, 813, 0], [0, 0, 0, 0, 162, 0, 659, 416, 466, 0, 0, 956, 195, 0, 449, 140, 857, 424, 0, 0, 944, 907, 0, 404, 0, 0, 491, 577, 0, 415, 965, 272, 0, 121, 234, 233, 704, 810, 914, 24, 794, 378, 325, 750, 0, 0, 546, 215, 341, 620, 856, 0, 277, 0, 19, 79, 931, 267, 413, 744], [0, 0, 827, 832, 52, 357, 926, 0, 229, 0, 989, 180, 0, 869, 931, 0, 904, 0, 0, 944, 0, 81, 942, 0, 263, 0, 0, 209, 0, 0, 732, 0, 32, 0, 330, 903, 379, 0, 0, 143, 0, 239, 535, 0, 0, 0, 325, 0, 0, 560, 423, 0, 0, 229, 241, 990, 707, 0, 0, 98], [866, 0, 0, 75, 702, 0, 0, 0, 0, 774, 54, 273, 0, 564, 0, 179, 375, 0, 0, 907, 81, 0, 283, 0, 0, 652, 80, 84, 768, 589, 282, 2, 558, 519, 844, 491, 0, 11, 0, 0, 855, 883, 0, 0, 801, 0, 741, 591, 874, 933, 0, 376, 65, 16, 523, 0, 14, 0, 0, 519], [779, 926, 0, 940, 999, 0, 507, 0, 345, 0, 0, 88, 0, 14, 0, 964, 702, 0, 227, 0, 942, 283, 0, 0, 0, 605, 0, 965, 559, 381, 717, 170, 548, 387, 848, 104, 0, 86, 0, 0, 486, 994, 166, 0, 305, 0, 0, 0, 342, 0, 0, 741, 300, 43, 572, 407, 536, 0, 765, 15], [911, 955, 234, 826, 751, 0, 799, 0, 0, 0, 728, 987, 246, 338, 550, 0, 895, 308, 0, 404, 0, 0, 0, 0, 0, 0, 0, 0, 0, 0, 35, 0, 489, 51, 0, 0, 0, 706, 0, 773, 0, 532, 740, 547, 0, 0, 0, 0, 60, 0, 0, 578, 976, 800, 315, 619, 905, 0, 0, 939], [830, 853, 480, 0, 970, 250, 330, 0, 190, 0, 0, 0, 0, 767, 88, 414, 0, 620, 869, 0, 263, 0, 0, 0, 0, 0, 151, 0, 0, 0, 805, 384, 942, 0, 0, 951, 709, 0, 0, 182, 0, 0, 0, 229, 430, 727, 310, 0, 934, 806, 204, 822, 525, 524, 0, 0, 339, 219, 671, 0], [0, 820, 634, 0, 146, 0, 2, 387, 723, 0, 580, 0, 261, 481, 0, 0, 99, 876, 0, 0, 0, 652, 605, 0, 0, 0, 616, 0, 0, 484, 0, 842, 0, 350, 883, 0, 0, 0, 277, 13, 791, 134, 426, 0, 46, 692, 0, 0, 618, 0, 0, 0, 576, 607, 0, 0, 6, 730, 545, 0], [176, 818, 460, 76, 509, 456, 337, 0, 0, 0, 0, 355, 0, 306, 0, 136, 559, 755, 641, 491, 0, 80, 0, 0, 151, 616, 0, 838, 0, 720, 701, 223, 674, 2, 372, 0, 0, 0, 180, 0, 30, 740, 334, 388, 299, 0, 869, 802, 537, 999, 712, 715, 112, 0, 935, 121, 593, 340, 687, 0], [0, 0, 433, 184, 836, 810, 298, 84, 222, 0, 0, 640, 0, 335, 0, 689, 0, 295, 0, 577, 209, 84, 965, 0, 0, 0, 838, 0, 566, 416, 0, 0, 597, 0, 890, 0, 0, 0, 0, 101, 840, 857, 0, 0, 494, 349, 0, 748, 0, 231, 261, 399, 0, 661, 367, 0, 563, 338, 0, 0], [798, 843, 390, 781, 518, 305, 252, 701, 0, 574, 3, 468, 0, 104, 0, 0, 462, 0, 643, 0, 0, 768, 559, 0, 0, 0, 0, 566, 0, 569, 207, 665, 583, 0, 0, 572, 483, 348, 940, 659, 0, 0, 590, 3, 637, 0, 0, 869, 646, 0, 0, 0, 541, 0, 0, 226, 968, 408, 0, 0], [715, 0, 54, 790, 0, 0, 63, 263, 0, 0, 796, 268, 0, 890, 848, 25, 0, 0, 0, 415, 0, 589, 381, 0, 0, 484, 720, 416, 569, 0, 404, 74, 259, 566, 0, 0, 947, 0, 259, 0, 0, 127, 90, 817, 0, 0, 0, 376, 0, 205, 0, 411, 360, 925, 549, 395, 0, 0, 0, 465], [532, 360, 0, 0, 0, 464, 0, 167, 775, 0, 336, 0, 544, 0, 0, 315, 627, 0, 0, 965, 732, 282, 717, 35, 805, 0, 701, 0, 207, 404, 0, 754, 65, 535, 0, 612, 505, 639, 583, 587, 897, 0, 0, 861, 0, 0, 349, 42, 0, 60, 328, 0, 0, 0, 894, 897, 0, 0, 700, 0], [488, 0, 99, 831, 275, 470, 374, 729, 0, 33, 0, 238, 315, 0, 0, 0, 0, 389, 409, 272, 0, 2, 170, 0, 384, 842, 223, 0, 665, 74, 754, 0, 0, 353, 484, 858, 570, 248, 0, 0, 132, 462, 0, 369, 904, 972, 0, 0, 572, 0, 432, 96, 205, 0, 205, 457, 536, 466, 561, 649], [530, 0, 878, 0, 0, 92, 371, 214, 0, 245, 344, 0, 0, 144, 669, 909, 0, 0, 0, 0, 32, 558, 548, 489, 942, 0, 674, 597, 583, 259, 65, 0, 0, 938, 0, 821, 492, 544, 360, 0, 0, 704, 0, 0, 309, 0, 0, 258, 0, 938, 480, 136, 926, 737, 971, 0, 649, 0, 0, 0], [736, 885, 0, 0, 687, 29, 0, 0, 0, 609, 667, 390, 0, 0, 665, 0, 0, 0, 17, 121, 0, 519, 387, 51, 0, 350, 2, 0, 0, 566, 535, 353, 938, 0, 0, 215, 416, 0, 0, 616, 996, 0, 477, 546, 467, 709, 0, 799, 570, 0, 285, 0, 54, 546, 0, 0, 0, 171, 0, 979], [0, 8, 799, 0, 0, 0, 165, 0, 0, 0, 0, 0, 707, 0, 0, 0, 0, 152, 0, 234, 330, 844, 848, 0, 0, 883, 372, 890, 0, 0, 0, 484, 0, 0, 0, 998, 0, 725, 0, 0, 731, 110, 955, 214, 669, 289, 0, 624, 536, 0, 0, 950, 808, 371, 567, 464, 0, 85, 920, 636], [0, 635, 0, 0, 0, 195, 41, 0, 51, 929, 0, 92, 0, 0, 0, 0, 0, 0, 0, 233, 903, 491, 104, 0, 951, 0, 0, 0, 572, 0, 612, 858, 821, 215, 998, 0, 0, 0, 0, 0, 0, 241, 529, 711, 280, 0, 976, 642, 51, 427, 0, 838, 248, 553, 667, 0, 0, 0, 526, 53], [0, 375, 113, 0, 0, 420, 226, 0, 0, 0, 0, 0, 0, 0, 0, 0, 642, 535, 0, 704, 379, 0, 0, 0, 709, 0, 0, 0, 483, 947, 505, 570, 492, 416, 0, 0, 0, 14, 336, 26, 108, 720, 0, 0, 0, 190, 0, 0, 0, 0, 0, 0, 393, 909, 180, 575, 218, 238, 815, 526], [0, 83, 0, 515, 76, 0, 0, 773, 154, 0, 305, 0, 0, 631, 0, 264, 0, 0, 835, 810, 0, 11, 86, 706, 0, 0, 0, 0, 348, 0, 639, 248, 544, 0, 725, 0, 14, 0, 0, 0, 0, 0, 98, 513, 0, 753, 0, 0, 367, 424, 951, 0, 217, 0, 801, 268, 0, 0, 359, 917], [80, 944, 0, 0, 120, 0, 14, 210, 583, 811, 0, 0, 509, 835, 574, 0, 109, 908, 203, 914, 0, 0, 0, 0, 0, 277, 180, 0, 940, 259, 583, 0, 360, 0, 0, 0, 336, 0, 0, 0, 0, 28, 0, 664, 996, 0, 0, 0, 574, 38, 283, 837, 237, 764, 0, 0, 0, 655, 861, 392], [48, 675, 0, 0, 0, 0, 0, 965, 0, 33, 0, 450, 798, 514, 0, 0, 0, 845, 576, 24, 143, 0, 0, 773, 182, 13, 0, 101, 659, 0, 587, 0, 0, 616, 0, 0, 26, 0, 0, 0, 368, 0, 0, 0, 226, 0, 862, 550, 0, 436, 214, 585, 2, 388, 0, 0, 39, 0, 321, 704], [0, 736, 673, 0, 938, 384, 0, 0, 0, 0, 0, 808, 409, 0, 0, 387, 0, 793, 42, 794, 0, 855, 486, 0, 0, 791, 30, 840, 0, 0, 897, 132, 0, 996, 731, 0, 108, 0, 0, 368, 0, 312, 238, 100, 26, 0, 255, 0, 837, 0, 429, 96, 31, 0, 0, 0, 248, 834, 675, 0], [488, 0, 0, 0, 0, 673, 784, 125, 474, 317, 0, 779, 874, 907, 78, 0, 648, 238, 527, 378, 239, 883, 994, 532, 0, 134, 740, 857, 0, 127, 0, 462, 704, 0, 110, 241, 720, 0, 28, 0, 312, 0, 0, 305, 807, 0, 521, 0, 110, 0, 0, 0, 0, 0, 814, 76, 629, 0, 0, 0], [0, 759, 54, 801, 0, 355, 324, 0, 508, 623, 748, 682, 0, 0, 0, 300, 0, 309, 750, 325, 535, 0, 166, 740, 0, 426, 334, 0, 590, 90, 0, 0, 0, 477, 955, 529, 0, 98, 0, 0, 238, 0, 0, 0, 626, 526, 833, 0, 955, 351, 0, 0, 426, 0, 859, 0, 138, 900, 622, 435], [0, 0, 152, 0, 0, 464, 395, 0, 0, 638, 0, 0, 886, 0, 732, 0, 982, 307, 240, 750, 0, 0, 0, 547, 229, 0, 388, 0, 3, 817, 861, 369, 0, 546, 214, 711, 0, 513, 664, 0, 100, 305, 0, 0, 904, 0, 338, 0, 0, 0, 0, 863, 0, 0, 0, 370, 210, 0, 0, 0], [888, 627, 0, 405, 0, 585, 0, 935, 0, 326, 0, 0, 194, 334, 0, 441, 157, 975, 0, 0, 0, 801, 305, 0, 430, 46, 299, 494, 637, 0, 0, 904, 309, 467, 669, 280, 0, 0, 996, 226, 26, 807, 626, 904, 0, 0, 607, 366, 803, 0, 431, 0, 37, 652, 829, 736, 443, 0, 0, 0], [0, 629, 515, 121, 0, 837, 0, 0, 0, 509, 202, 255, 0, 844, 809, 0, 0, 176, 654, 0, 0, 0, 0, 0, 727, 692, 0, 349, 0, 0, 0, 972, 0, 709, 289, 0, 190, 753, 0, 0, 0, 0, 526, 0, 0, 0, 646, 73, 926, 0, 47, 842, 62, 197, 813, 0, 0, 0, 0, 376], [0, 957, 98, 750, 0, 786, 683, 0, 0, 0, 0, 0, 988, 581, 0, 0, 76, 229, 667, 546, 325, 741, 0, 0, 310, 0, 869, 0, 0, 0, 349, 0, 0, 0, 0, 976, 0, 0, 0, 862, 255, 521, 833, 338, 607, 646, 0, 504, 0, 910, 177, 146, 690, 0, 0, 0, 0, 430, 0, 438], [405, 93, 225, 0, 0, 0, 256, 832, 451, 11, 863, 539, 890, 0, 0, 871, 0, 0, 0, 215, 0, 591, 0, 0, 0, 0, 802, 748, 869, 376, 42, 0, 258, 799, 624, 642, 0, 0, 0, 550, 0, 0, 0, 0, 366, 73, 504, 0, 487, 546, 0, 0, 815, 264, 680, 314, 152, 0, 0, 0], [0, 0, 549, 804, 0, 686, 399, 536, 0, 317, 0, 314, 0, 551, 0, 0, 632, 440, 0, 341, 0, 874, 342, 60, 934, 618, 537, 0, 646, 0, 0, 572, 0, 570, 536, 51, 0, 367, 574, 0, 837, 110, 955, 0, 803, 926, 0, 487, 0, 654, 629, 375, 436, 823, 0, 539, 140, 0, 0, 87], [238, 175, 763, 366, 580, 605, 0, 684, 0, 0, 366, 285, 310, 971, 899, 885, 0, 286, 631, 620, 560, 933, 0, 0, 806, 0, 999, 231, 0, 205, 60, 0, 938, 0, 0, 427, 0, 424, 38, 436, 0, 0, 351, 0, 0, 0, 910, 546, 654, 0, 0, 528, 24, 0, 0, 357, 273, 100, 977, 0], [266, 279, 454, 704, 499, 416, 0, 975, 768, 278, 45, 631, 833, 0, 145, 17, 0, 106, 0, 856, 423, 0, 0, 0, 204, 0, 712, 261, 0, 0, 328, 432, 480, 285, 0, 0, 0, 951, 283, 214, 429, 0, 0, 0, 431, 47, 177, 0, 629, 0, 0, 199, 0, 0, 347, 760, 0, 182, 31, 511], [395, 0, 523, 857, 0, 0, 237, 0, 0, 0, 517, 0, 584, 946, 387, 524, 0, 449, 439, 0, 0, 376, 741, 578, 822, 0, 715, 399, 0, 411, 0, 96, 136, 0, 950, 838, 0, 0, 837, 585, 96, 0, 0, 863, 0, 842, 146, 0, 375, 528, 199, 0, 0, 161, 21, 0, 0, 532, 499, 17], [372, 0, 0, 0, 785, 497, 473, 0, 19, 0, 0, 59, 17, 0, 383, 834, 799, 373, 108, 277, 0, 65, 300, 976, 525, 576, 112, 0, 541, 360, 0, 205, 926, 54, 808, 248, 393, 217, 237, 2, 31, 0, 426, 0, 37, 62, 690, 815, 436, 24, 0, 0, 0, 175, 880, 633, 285, 396, 0, 160], [0, 84, 814, 621, 628, 0, 651, 689, 0, 0, 0, 935, 138, 0, 236, 754, 28, 0, 85, 0, 229, 16, 43, 800, 524, 607, 0, 661, 0, 925, 0, 0, 737, 546, 371, 553, 909, 0, 764, 388, 0, 0, 0, 0, 652, 197, 0, 264, 823, 0, 0, 161, 175, 0, 778, 0, 0, 64, 0, 555], [96, 322, 0, 2, 49, 0, 930, 824, 54, 256, 0, 0, 137, 659, 0, 0, 163, 764, 674, 19, 241, 523, 572, 315, 0, 0, 935, 367, 0, 549, 894, 205, 971, 0, 567, 667, 180, 801, 0, 0, 0, 814, 859, 0, 829, 813, 0, 680, 0, 0, 347, 21, 880, 778, 0, 466, 344, 997, 0, 20], [327, 244, 159, 0, 514, 261, 849, 0, 139, 344, 0, 532, 26, 394, 0, 0, 0, 284, 59, 79, 990, 0, 407, 619, 0, 0, 121, 0, 226, 395, 897, 457, 0, 0, 464, 0, 575, 268, 0, 0, 0, 76, 0, 370, 736, 0, 0, 314, 539, 357, 760, 0, 633, 0, 466, 0, 305, 0, 359, 0], [0, 0, 699, 0, 0, 0, 0, 0, 0, 0, 732, 0, 606, 1, 0, 831, 377, 966, 0, 931, 707, 14, 536, 905, 339, 6, 593, 563, 968, 0, 0, 536, 649, 0, 0, 0, 218, 0, 0, 39, 248, 629, 138, 210, 443, 0, 0, 152, 140, 273, 0, 0, 285, 0, 344, 305, 0, 0, 0, 61], [747, 61, 3, 0, 0, 217, 0, 0, 314, 0, 795, 0, 829, 582, 0, 460, 0, 367, 738, 267, 0, 0, 0, 0, 219, 730, 340, 338, 408, 0, 0, 466, 0, 171, 85, 0, 238, 0, 655, 0, 834, 0, 900, 0, 0, 0, 430, 0, 0, 100, 182, 532, 396, 64, 997, 0, 0, 0, 125, 243], [0, 892, 761, 54, 157, 0, 0, 200, 131, 393, 0, 50, 0, 0, 400, 0, 195, 0, 813, 413, 0, 0, 765, 0, 671, 545, 687, 0, 0, 0, 700, 561, 0, 0, 920, 526, 815, 359, 861, 321, 675, 0, 622, 0, 0, 0, 0, 0, 0, 977, 31, 499, 0, 0, 0, 359, 0, 125, 0, 570], [0, 449, 558, 872, 0, 18, 0, 935, 0, 0, 0, 125, 592, 497, 254, 0, 322, 0, 0, 744, 98, 519, 15, 939, 0, 0, 0, 0, 0, 465, 0, 649, 0, 979, 636, 53, 526, 917, 392, 704, 0, 0, 435, 0, 0, 376, 438, 0, 87, 0, 511, 17, 160, 555, 20, 0, 61, 243, 570, 0]]\n"
     ]
    }
   ],
   "source": [
    "import random\n",
    "import matplotlib.pyplot as plt\n",
    "\n",
    "num_villes=60\n",
    "def generate_weighted_adjacency_matrix(n):\n",
    "    # Générer une matrice d'adjacence vide\n",
    "    adjacency_matrix = [[0] * n for _ in range(n)]\n",
    "\n",
    "    # Générer des liens aléatoires\n",
    "    for i in range(n):\n",
    "        for j in range(i + 1, n):\n",
    "            if random.random() < 0.9:  # Probabilité de lien entre deux villes\n",
    "                weight = random.randint(1, 1000)  # Poids du lien entre deux villes\n",
    "                adjacency_matrix[i][j] = weight \n",
    "                adjacency_matrix[j][i] = weight\n",
    "                \n",
    "\n",
    "    return adjacency_matrix\n",
    "\n",
    "adj_matrix = generate_weighted_adjacency_matrix(num_villes)\n",
    "\n",
    "import numpy as np\n",
    "\n",
    "def generate_demands(num_clients, max_demand):\n",
    "    np.random.seed(42)\n",
    "    demands = np.random.randint(1, max_demand+1, size=num_clients)\n",
    "    return demands\n",
    "\n",
    "def generate_vehicle_capacities(num_vehicles, total_demand):\n",
    "    np.random.seed(42)\n",
    "    capacities = np.random.randint(1, total_demand, size=num_vehicles, dtype=np.int64)\n",
    "    return capacities\n",
    "\n",
    "def divide_matrix(matrix, num_parts):\n",
    "    size = len(matrix) // num_parts\n",
    "    divided_matrix = []\n",
    "    for i in range(num_parts):\n",
    "        start_row = i * size\n",
    "        end_row = (i + 1) * size\n",
    "        divided_rows = matrix[start_row:end_row]\n",
    "        divided_matrix.append(divided_rows)\n",
    "\n",
    "    return divided_matrix\n",
    "\n",
    "\n",
    "\n",
    "num_clients = num_villes - 1  # Exclure le dépôt\n",
    "total_demand = sum([sum(row) for row in adj_matrix])  # Calculer la somme des demandes de tous les clients\n",
    "max_demand = total_demand // num_clients  # Demande maximale par client\n",
    "\n",
    "print(adj_matrix)\n",
    "\n",
    "\n",
    "\n"
   ]
  },
  {
   "cell_type": "code",
   "execution_count": 21,
   "metadata": {},
   "outputs": [
    {
     "name": "stdout",
     "output_type": "stream",
     "text": [
      "Route du camion 1: [0, 0, 9, 1, 15, 10, 11, 5, 12, 13, 2, 7, 19, 4, 8, 0, 0]\n",
      "Route du camion 2: [0, 20, 24, 34, 21, 30, 27, 23, 22, 33, 38, 26, 35, 28, 25, 36, 37, 39, 32, 20, 0]\n",
      "Route du camion 3: [0, 40, 58, 51, 46, 56, 53, 41, 54, 43, 42, 55, 52, 48, 49, 57, 45, 50, 40, 0]\n",
      "Longueur du chemin du camion 1: 1528\n",
      "Longueur du chemin du camion 2: 2574\n",
      "Longueur du chemin du camion 3: 4433\n"
     ]
    }
   ],
   "source": [
    "import numpy as np\n",
    "import matplotlib.pyplot as plt\n",
    "\n",
    "def solve_cvrp(distance_matrix, num_vehicles, depot, demands, vehicle_capacities, offset):\n",
    "    num_nodes = len(distance_matrix)\n",
    "\n",
    "    # Initialisation des variables\n",
    "    routes = []\n",
    "    remaining_capacities = vehicle_capacities.copy()\n",
    "    visited = np.zeros(num_nodes, dtype=bool)\n",
    "\n",
    "    # Ajouter une valeur fictive pour le dépôt dans les tableaux visited et demands\n",
    "    visited[depot] = True\n",
    "    demands = np.insert(demands, depot, 0)\n",
    "\n",
    "    # Fonction pour trouver le prochain nœud à visiter\n",
    "    def select_next_node(current_node, remaining_capacities):\n",
    "        nonlocal visited\n",
    "        feasible_nodes = [\n",
    "            node for node in range(num_nodes)\n",
    "            if not visited[node] and demands[node] <= remaining_capacities and distance_matrix[current_node][node] != float('inf')\n",
    "        ]\n",
    "        if not feasible_nodes:\n",
    "            return None\n",
    "        next_node = min(feasible_nodes, key=lambda node: distance_matrix[current_node][node] if distance_matrix[current_node][node] != 0 else float('inf'))\n",
    "\n",
    "        return next_node\n",
    "\n",
    "\n",
    "    # Parcours des véhicules\n",
    "    for vehicle in range(num_vehicles):\n",
    "        route = [depot]\n",
    "        remaining_capacity = vehicle_capacities[vehicle]\n",
    "        current_node = depot\n",
    "\n",
    "        # Parcours des nœuds\n",
    "        while True:\n",
    "            next_node = select_next_node(current_node, remaining_capacity)\n",
    "            if next_node is None:\n",
    "                break\n",
    "            route.append(next_node)\n",
    "            visited[next_node] = True\n",
    "            remaining_capacity -= demands[next_node]\n",
    "            current_node = next_node\n",
    "\n",
    "        route.append(depot)  # Retour au dépôt\n",
    "        routes.append(route)\n",
    "\n",
    "    return routes\n",
    "\n",
    "\n",
    "\n",
    "def calculate_route_length(route, distance_matrix):\n",
    "    length = 0\n",
    "    for i in range(len(route) - 1):\n",
    "        current_city = route[i]\n",
    "        next_city = route[i + 1]\n",
    "        length += distance_matrix[current_city][next_city]\n",
    "    return length\n",
    "\n",
    "\n",
    "num_vehicles = 3\n",
    "depot = 0\n",
    "demands = generate_demands(num_clients, max_demand)\n",
    "vehicle_capacities = generate_vehicle_capacities(num_vehicles, total_demand)\n",
    "\n",
    "divided_matrix = divide_matrix(adj_matrix, num_vehicles)\n",
    "\n",
    "\n",
    "routes = solve_cvrp(divided_matrix[0], 1, depot, demands, vehicle_capacities, offset=0)\n",
    "for i in range(1, num_vehicles):\n",
    "    offset = i * (len(adj_matrix) // num_vehicles)\n",
    "    routes.extend(solve_cvrp(divided_matrix[i], 1, depot, demands, vehicle_capacities, offset=offset))\n",
    "\n",
    "\n",
    "# Récupérer les vrais indices de ville en ajustant l'offset\n",
    "final_routes = []\n",
    "for i, route in enumerate(routes):\n",
    "    offset = i * (num_villes // num_vehicles)  # Calcul de l'offset\n",
    "    adjusted_route = [node + offset for node in route]  # Ajustement des indices\n",
    "    adjusted_route = [depot] + adjusted_route + [depot]  # Ajout du dépôt au début et à la fin de l'itinéraire\n",
    "    final_routes.append(adjusted_route)\n",
    "\n",
    "\n",
    "# Afficher les routes finales\n",
    "for i, route in enumerate(final_routes):\n",
    "    print(f\"Route du camion {i+1}: {route}\")\n",
    "\n",
    "\n",
    "for i, route in enumerate(final_routes):\n",
    "    route_length = calculate_route_length(route, adj_matrix)\n",
    "    print(f\"Longueur du chemin du camion {i+1}: {route_length}\")\n"
   ]
  },
  {
   "cell_type": "code",
   "execution_count": 22,
   "metadata": {},
   "outputs": [
    {
     "data": {
