{
 "cells": [
  {
   "cell_type": "code",
   "execution_count": 22,
   "metadata": {},
   "outputs": [],
   "source": [
    "import sys\n",
    "import random\n",
    "import numpy as np\n",
    "import matplotlib.pyplot as plt\n",
    "import heapq\n",
    "\n",
    "def dijkstra(adj_matrix, start_city, end_city):\n",
    "    num_cities = len(adj_matrix)\n",
    "    distances = [sys.maxsize] * num_cities\n",
    "    visited = [False] * num_cities\n",
    "    previous = [None] * num_cities\n",
    "\n",
    "    distances[start_city] = 0\n",
    "\n",
    "    for _ in range(num_cities):\n",
    "        min_dist = sys.maxsize\n",
    "        current_city = None\n",
    "\n",
    "        for city in range(num_cities):\n",
    "            if not visited[city] and distances[city] < min_dist:\n",
    "                min_dist = distances[city]\n",
    "                current_city = city\n",
    "\n",
    "        visited[current_city] = True\n",
    "\n",
    "        if current_city == end_city:\n",
    "            break\n",
    "\n",
    "        for neighbor in range(num_cities):\n",
    "            if (\n",
    "                not visited[neighbor]\n",
    "                and adj_matrix[current_city][neighbor] != 0\n",
    "                and distances[current_city] + adj_matrix[current_city][neighbor] < distances[neighbor]\n",
    "            ):\n",
    "                distances[neighbor] = distances[current_city] + adj_matrix[current_city][neighbor]\n",
    "                previous[neighbor] = current_city\n",
    "\n",
    "    if distances[end_city] == sys.maxsize:\n",
    "        return \"No path found.\"\n",
    "\n",
    "    path = []\n",
    "    current_city = end_city\n",
    "    while current_city is not None:\n",
    "        path.append(current_city)\n",
    "        current_city = previous[current_city]\n",
    "\n",
    "    path.reverse()\n",
    "    return path, distances[end_city]"
   ]
  },
  {
   "cell_type": "code",
   "execution_count": 23,
   "metadata": {},
   "outputs": [
    {
     "name": "stdout",
     "output_type": "stream",
     "text": [
      "[0, 0, 351, 0, 0, 0, 260, 347, 0, 80, 0, 955, 0, 338, 207, 757, 879, 0, 262, 660, 255, 944, 423, 870, 152, 445, 318, 0, 0, 0, 0, 121, 0, 0, 0, 60, 0, 0, 839, 62, 282, 0, 0, 872, 657, 22, 0, 0, 933, 448, 0, 0, 979, 0, 0, 650, 0, 793, 760, 0, 103, 877, 685, 0, 0, 0, 0, 0, 62, 534, 258, 503, 0, 0, 292, 0, 0, 223, 0, 327, 894, 0, 875, 325, 202, 193, 0, 733, 701, 159, 438, 872, 0, 290, 538, 98, 968, 123, 0, 0]\n",
      "[0, 0, 951, 0, 557, 0, 750, 13, 0, 270, 333, 483, 772, 0, 302, 830, 739, 733, 0, 0, 0, 0, 30, 221, 22, 0, 0, 305, 180, 0, 426, 860, 0, 0, 0, 806, 568, 672, 0, 371, 0, 617, 920, 852, 0, 136, 361, 204, 616, 0, 0, 0, 541, 357, 0, 645, 589, 659, 254, 0, 0, 614, 0, 169, 582, 0, 0, 0, 0, 348, 0, 0, 217, 658, 890, 0, 283, 862, 0, 0, 0, 210, 0, 337, 152, 0, 826, 209, 807, 485, 484, 426, 502, 694, 938, 220, 0, 509, 35, 772]\n",
      "[351, 951, 0, 0, 95, 0, 0, 330, 766, 113, 0, 275, 471, 0, 0, 0, 0, 271, 0, 0, 336, 231, 971, 0, 0, 0, 974, 601, 649, 843, 768, 959, 938, 840, 0, 145, 0, 0, 0, 944, 0, 0, 709, 0, 0, 0, 0, 0, 0, 0, 0, 0, 0, 537, 855, 0, 0, 718, 0, 913, 57, 316, 588, 486, 721, 811, 0, 0, 924, 0, 0, 380, 738, 225, 0, 882, 0, 87, 55, 0, 687, 119, 793, 0, 0, 303, 956, 0, 945, 273, 236, 0, 349, 997, 833, 0, 881, 188, 0, 0]\n",
      "[0, 0, 0, 0, 539, 158, 99, 0, 844, 0, 0, 0, 0, 347, 959, 0, 921, 582, 645, 0, 503, 819, 246, 142, 47, 221, 20, 584, 0, 456, 511, 938, 383, 0, 946, 0, 0, 388, 722, 387, 674, 817, 552, 152, 172, 650, 756, 0, 556, 441, 698, 43, 0, 963, 0, 0, 0, 0, 0, 0, 123, 715, 633, 441, 0, 686, 414, 832, 0, 0, 900, 413, 717, 758, 0, 910, 0, 0, 0, 594, 0, 0, 243, 636, 0, 0, 51, 0, 890, 0, 501, 134, 11, 487, 0, 821, 0, 665, 641, 698]\n",
      "[0, 557, 95, 539, 0, 0, 11, 0, 0, 71, 364, 837, 0, 781, 951, 848, 482, 519, 0, 153, 730, 992, 67, 0, 199, 0, 383, 0, 326, 72, 241, 812, 549, 368, 0, 981, 440, 740, 0, 0, 0, 227, 400, 0, 748, 998, 637, 0, 0, 987, 937, 147, 815, 762, 0, 0, 0, 0, 621, 502, 0, 347, 395, 823, 315, 469, 617, 986, 0, 0, 0, 0, 273, 0, 0, 225, 997, 956, 867, 564, 511, 0, 992, 788, 983, 627, 499, 436, 366, 0, 999, 0, 94, 0, 230, 707, 314, 0, 0, 909]\n",
      "[0, 0, 0, 158, 0, 0, 501, 589, 0, 0, 0, 45, 80, 673, 467, 142, 375, 923, 406, 108, 402, 0, 7, 27, 0, 602, 107, 0, 412, 0, 478, 0, 0, 717, 899, 173, 975, 319, 563, 0, 0, 0, 714, 788, 308, 820, 484, 854, 682, 3, 20, 303, 0, 0, 375, 876, 920, 103, 659, 0, 552, 129, 0, 0, 968, 127, 823, 0, 0, 406, 935, 0, 16, 0, 0, 886, 0, 0, 244, 573, 822, 102, 943, 0, 15, 258, 0, 0, 936, 0, 0, 45, 0, 406, 339, 703, 768, 0, 216, 679]\n",
      "[260, 750, 0, 99, 11, 501, 0, 0, 320, 0, 721, 680, 415, 134, 0, 0, 988, 0, 94, 0, 0, 488, 0, 643, 0, 0, 0, 948, 230, 0, 0, 147, 0, 242, 408, 0, 396, 381, 0, 0, 108, 701, 0, 0, 623, 0, 193, 909, 318, 652, 0, 0, 646, 0, 328, 0, 99, 0, 682, 734, 682, 928, 0, 0, 0, 0, 0, 0, 462, 0, 984, 0, 875, 288, 0, 595, 300, 10, 0, 520, 0, 0, 433, 0, 12, 0, 0, 0, 660, 0, 621, 0, 59, 482, 933, 0, 0, 0, 202, 556]\n",
      "[347, 13, 330, 0, 0, 589, 0, 0, 102, 0, 0, 134, 249, 121, 239, 310, 811, 0, 246, 302, 614, 48, 239, 815, 444, 291, 0, 1000, 648, 121, 790, 762, 888, 0, 0, 742, 490, 0, 0, 148, 0, 119, 121, 400, 686, 519, 746, 779, 349, 138, 0, 0, 464, 0, 641, 868, 270, 535, 0, 0, 0, 0, 0, 0, 0, 71, 829, 0, 0, 645, 1, 0, 188, 181, 0, 0, 693, 0, 19, 108, 347, 722, 68, 0, 768, 310, 429, 347, 95, 0, 0, 78, 446, 637, 872, 0, 54, 908, 907, 945]\n",
      "[0, 0, 766, 844, 0, 0, 320, 102, 0, 0, 0, 841, 920, 0, 493, 640, 0, 0, 139, 405, 292, 0, 94, 276, 887, 296, 762, 0, 879, 0, 478, 267, 0, 87, 296, 326, 792, 0, 187, 677, 34, 459, 640, 418, 579, 738, 0, 587, 0, 81, 202, 0, 165, 854, 541, 0, 0, 0, 378, 409, 403, 259, 0, 0, 110, 0, 0, 319, 39, 0, 947, 246, 512, 802, 365, 0, 472, 533, 760, 626, 371, 85, 434, 0, 218, 0, 0, 798, 168, 18, 0, 471, 0, 521, 0, 0, 0, 679, 0, 0]\n",
      "[80, 270, 113, 0, 71, 0, 0, 0, 0, 0, 0, 0, 861, 82, 927, 0, 922, 0, 0, 0, 107, 0, 0, 0, 0, 947, 834, 982, 0, 0, 0, 0, 0, 0, 993, 0, 0, 898, 0, 0, 792, 0, 731, 149, 0, 579, 0, 0, 0, 0, 701, 179, 531, 214, 0, 927, 826, 673, 582, 0, 0, 0, 0, 405, 960, 899, 0, 0, 200, 0, 0, 0, 0, 7, 0, 914, 0, 0, 963, 304, 855, 742, 0, 172, 0, 160, 799, 855, 518, 0, 885, 969, 826, 671, 757, 918, 582, 764, 0, 628]\n",
      "[0, 333, 0, 0, 364, 0, 721, 0, 0, 0, 0, 703, 484, 834, 0, 797, 0, 0, 9, 753, 807, 0, 0, 0, 223, 0, 0, 723, 425, 854, 0, 752, 0, 123, 0, 0, 153, 308, 86, 0, 0, 0, 0, 672, 270, 337, 559, 408, 0, 0, 751, 831, 0, 0, 0, 0, 0, 585, 680, 0, 0, 317, 180, 778, 249, 0, 0, 0, 784, 795, 621, 90, 0, 0, 217, 0, 92, 0, 936, 835, 798, 849, 205, 21, 203, 417, 459, 987, 0, 0, 642, 0, 0, 580, 110, 0, 59, 840, 715, 366]\n",
      "[955, 483, 275, 0, 837, 45, 680, 134, 841, 0, 703, 0, 0, 0, 530, 0, 786, 920, 0, 0, 0, 483, 0, 407, 865, 0, 0, 443, 132, 757, 137, 240, 199, 794, 891, 15, 0, 25, 923, 753, 0, 306, 709, 961, 595, 0, 273, 364, 720, 280, 631, 0, 529, 218, 280, 513, 0, 387, 661, 174, 0, 0, 751, 470, 391, 838, 0, 973, 0, 222, 182, 211, 615, 0, 243, 0, 0, 230, 744, 437, 0, 768, 209, 1000, 852, 0, 419, 954, 0, 76, 686, 270, 0, 266, 740, 331, 0, 766, 527, 571]\n",
      "[0, 772, 471, 0, 0, 80, 415, 249, 920, 861, 484, 0, 0, 0, 479, 0, 0, 0, 0, 755, 4, 157, 375, 882, 0, 316, 88, 0, 88, 0, 0, 418, 189, 0, 307, 0, 0, 0, 22, 0, 947, 0, 0, 788, 861, 586, 931, 170, 0, 0, 719, 616, 497, 0, 0, 579, 294, 0, 973, 0, 818, 415, 0, 514, 840, 0, 137, 0, 921, 582, 641, 918, 336, 797, 388, 907, 261, 0, 0, 691, 0, 0, 823, 990, 971, 0, 513, 201, 403, 130, 823, 0, 0, 858, 245, 573, 88, 115, 0, 0]\n",
      "[338, 0, 0, 347, 781, 673, 134, 121, 0, 82, 834, 0, 0, 0, 0, 403, 309, 942, 994, 471, 0, 770, 77, 0, 0, 0, 0, 0, 28, 0, 912, 80, 189, 0, 714, 0, 0, 812, 257, 820, 636, 994, 0, 128, 0, 592, 69, 975, 568, 0, 0, 0, 0, 242, 838, 403, 974, 427, 614, 161, 0, 0, 438, 841, 766, 57, 659, 0, 450, 0, 539, 0, 586, 71, 942, 694, 0, 995, 265, 0, 57, 876, 461, 976, 576, 856, 0, 0, 0, 0, 86, 0, 0, 0, 0, 0, 0, 930, 0, 956]\n",
      "[207, 302, 0, 959, 951, 467, 0, 239, 493, 927, 0, 530, 479, 0, 0, 0, 890, 839, 0, 0, 895, 0, 420, 0, 981, 186, 96, 40, 0, 613, 473, 0, 346, 795, 37, 969, 142, 0, 0, 0, 0, 662, 904, 0, 0, 453, 280, 0, 942, 722, 676, 0, 362, 809, 166, 0, 0, 757, 680, 349, 0, 0, 808, 23, 0, 0, 623, 0, 795, 696, 0, 0, 30, 800, 0, 0, 53, 0, 467, 874, 0, 869, 88, 764, 0, 852, 461, 0, 425, 0, 678, 0, 155, 0, 0, 284, 702, 0, 285, 861]\n",
      "[757, 830, 0, 0, 848, 142, 0, 310, 640, 0, 797, 0, 0, 403, 0, 0, 9, 0, 152, 0, 223, 0, 781, 0, 0, 0, 141, 723, 349, 457, 799, 0, 623, 0, 0, 20, 0, 795, 0, 326, 0, 461, 187, 650, 988, 0, 0, 76, 667, 831, 0, 0, 67, 74, 295, 331, 152, 0, 84, 652, 861, 14, 0, 939, 0, 0, 0, 0, 0, 685, 0, 0, 338, 0, 0, 0, 89, 428, 998, 459, 515, 0, 0, 622, 969, 0, 136, 0, 451, 0, 0, 157, 282, 0, 0, 345, 0, 0, 156, 74]\n",
      "[879, 739, 0, 921, 482, 375, 988, 811, 0, 922, 0, 786, 0, 309, 890, 9, 0, 0, 666, 0, 0, 0, 257, 0, 983, 0, 429, 0, 492, 845, 0, 912, 680, 544, 0, 654, 303, 757, 469, 0, 0, 0, 532, 158, 291, 0, 0, 81, 173, 111, 660, 0, 297, 976, 0, 0, 0, 0, 0, 399, 501, 0, 0, 507, 776, 112, 835, 59, 318, 0, 0, 330, 236, 452, 81, 108, 0, 617, 0, 0, 0, 421, 0, 220, 648, 0, 0, 0, 0, 658, 59, 465, 621, 118, 0, 0, 954, 0, 856, 0]\n",
      "[0, 733, 271, 582, 519, 923, 0, 0, 0, 0, 0, 920, 0, 942, 839, 0, 0, 0, 365, 330, 0, 0, 311, 0, 623, 964, 590, 582, 714, 0, 755, 769, 0, 121, 369, 687, 798, 0, 0, 0, 297, 0, 129, 67, 944, 0, 961, 291, 0, 0, 0, 547, 848, 794, 0, 370, 206, 326, 749, 229, 154, 0, 586, 0, 0, 0, 0, 210, 92, 748, 573, 0, 0, 144, 582, 0, 363, 0, 0, 0, 797, 559, 340, 0, 265, 0, 0, 101, 0, 882, 0, 70, 0, 0, 475, 0, 0, 0, 956, 0]\n",
      "[262, 0, 0, 645, 0, 406, 94, 246, 139, 0, 9, 0, 0, 994, 0, 152, 666, 365, 0, 261, 0, 388, 0, 706, 0, 0, 849, 878, 834, 572, 61, 12, 667, 0, 0, 842, 376, 619, 0, 146, 219, 768, 284, 0, 408, 0, 0, 0, 305, 782, 0, 0, 159, 388, 777, 811, 994, 0, 0, 232, 0, 0, 0, 284, 0, 424, 0, 0, 0, 742, 0, 828, 649, 434, 800, 430, 0, 0, 0, 0, 249, 157, 654, 589, 0, 56, 0, 0, 0, 235, 583, 0, 59, 0, 654, 0, 316, 0, 293, 0]\n",
      "[660, 0, 0, 0, 153, 108, 0, 302, 405, 0, 753, 0, 755, 471, 0, 0, 0, 330, 261, 0, 577, 0, 210, 0, 490, 736, 0, 0, 0, 0, 0, 600, 521, 377, 650, 994, 565, 974, 801, 660, 629, 0, 272, 965, 0, 60, 980, 600, 0, 0, 0, 389, 0, 892, 896, 0, 0, 296, 0, 0, 0, 0, 0, 421, 915, 0, 837, 315, 35, 533, 926, 542, 994, 121, 266, 467, 0, 612, 0, 859, 0, 0, 571, 0, 0, 743, 160, 0, 0, 415, 192, 0, 864, 0, 0, 0, 0, 414, 856, 0]\n",
      "[255, 0, 336, 503, 730, 402, 0, 614, 292, 107, 807, 0, 4, 0, 895, 223, 0, 0, 0, 577, 0, 864, 0, 571, 922, 0, 965, 815, 701, 690, 194, 0, 777, 0, 269, 15, 0, 0, 0, 618, 366, 0, 2, 408, 832, 0, 947, 0, 895, 967, 0, 0, 831, 0, 875, 326, 695, 814, 599, 340, 251, 0, 651, 0, 0, 352, 186, 0, 0, 470, 715, 0, 832, 0, 434, 486, 106, 167, 229, 0, 841, 742, 0, 0, 0, 658, 0, 340, 0, 375, 0, 844, 282, 663, 805, 714, 463, 157, 5, 270]\n",
      "[944, 0, 231, 819, 992, 0, 488, 48, 0, 0, 0, 483, 157, 770, 0, 0, 0, 0, 388, 0, 864, 0, 888, 0, 0, 675, 826, 410, 365, 630, 517, 296, 0, 713, 0, 0, 458, 370, 0, 981, 0, 502, 552, 0, 0, 199, 0, 702, 964, 755, 0, 0, 0, 149, 167, 797, 290, 0, 899, 0, 0, 465, 552, 54, 0, 416, 934, 265, 682, 681, 159, 0, 310, 0, 0, 747, 0, 454, 938, 391, 0, 547, 725, 0, 0, 682, 0, 0, 0, 0, 434, 43, 157, 0, 851, 0, 0, 0, 0, 504]\n",
      "[423, 30, 971, 246, 67, 7, 0, 239, 94, 0, 0, 0, 375, 77, 420, 781, 257, 311, 0, 210, 0, 888, 0, 508, 428, 0, 41, 609, 0, 117, 895, 539, 0, 0, 849, 0, 197, 462, 495, 0, 0, 311, 425, 78, 873, 0, 0, 531, 909, 676, 951, 847, 0, 99, 0, 0, 0, 671, 0, 791, 0, 313, 0, 979, 108, 783, 671, 200, 646, 13, 804, 0, 0, 0, 0, 316, 0, 477, 0, 479, 0, 2, 735, 0, 666, 177, 668, 0, 763, 10, 0, 745, 488, 0, 15, 0, 0, 661, 0, 0]\n",
      "[870, 221, 0, 142, 0, 27, 643, 815, 276, 0, 0, 407, 882, 0, 0, 0, 0, 0, 706, 0, 571, 0, 508, 0, 580, 608, 880, 117, 444, 604, 0, 829, 0, 102, 280, 963, 0, 0, 580, 381, 188, 874, 0, 807, 808, 170, 682, 0, 209, 0, 0, 509, 440, 361, 0, 296, 0, 353, 0, 777, 0, 263, 151, 0, 0, 731, 0, 977, 696, 613, 0, 175, 542, 844, 0, 180, 0, 497, 380, 0, 10, 657, 0, 799, 37, 0, 0, 907, 0, 22, 444, 0, 971, 530, 603, 773, 658, 0, 527, 945]\n",
      "[152, 22, 0, 47, 199, 0, 0, 444, 887, 0, 223, 865, 0, 0, 981, 0, 983, 623, 0, 490, 922, 0, 428, 580, 0, 0, 30, 0, 395, 436, 0, 0, 0, 828, 428, 450, 0, 0, 0, 672, 288, 220, 444, 616, 828, 456, 823, 987, 130, 799, 268, 253, 495, 0, 0, 993, 948, 391, 0, 241, 0, 0, 331, 288, 0, 0, 0, 716, 0, 609, 0, 871, 0, 173, 422, 347, 911, 0, 918, 775, 0, 0, 504, 451, 374, 953, 535, 0, 0, 0, 101, 285, 0, 169, 383, 155, 757, 51, 0, 0]\n",
      "[445, 0, 0, 221, 0, 602, 0, 291, 296, 947, 0, 0, 316, 0, 186, 0, 0, 964, 0, 736, 0, 675, 0, 608, 0, 0, 251, 61, 0, 0, 577, 552, 97, 754, 0, 507, 355, 862, 0, 0, 792, 457, 0, 0, 0, 0, 494, 776, 343, 536, 0, 0, 0, 0, 0, 203, 0, 0, 454, 227, 569, 796, 258, 0, 710, 0, 0, 0, 0, 747, 769, 606, 0, 0, 176, 755, 578, 0, 0, 527, 506, 0, 0, 0, 79, 848, 0, 788, 0, 0, 0, 367, 77, 315, 483, 348, 143, 0, 456, 0]\n",
      "[318, 0, 974, 20, 383, 107, 0, 0, 762, 834, 0, 0, 88, 0, 96, 141, 429, 590, 849, 0, 965, 826, 41, 880, 30, 251, 0, 690, 792, 693, 509, 0, 698, 879, 21, 0, 980, 0, 0, 0, 0, 0, 0, 769, 0, 63, 0, 0, 0, 0, 0, 379, 966, 751, 625, 0, 454, 0, 112, 0, 402, 738, 73, 92, 0, 462, 310, 0, 173, 0, 0, 0, 0, 55, 687, 142, 0, 996, 0, 798, 0, 564, 835, 0, 0, 291, 0, 180, 68, 395, 505, 0, 252, 0, 0, 427, 860, 233, 0, 829]\n",
      "[0, 305, 601, 584, 0, 0, 948, 1000, 0, 982, 723, 443, 0, 0, 40, 723, 0, 582, 878, 0, 815, 410, 609, 117, 0, 61, 690, 0, 0, 983, 491, 2, 419, 0, 731, 79, 576, 0, 281, 0, 0, 227, 40, 0, 0, 0, 678, 437, 120, 0, 0, 711, 0, 0, 0, 97, 0, 843, 410, 272, 799, 0, 123, 0, 460, 0, 0, 0, 322, 802, 240, 0, 0, 0, 338, 979, 0, 0, 808, 163, 922, 209, 25, 115, 238, 29, 314, 150, 134, 0, 178, 965, 511, 411, 231, 0, 0, 0, 735, 306]\n",
      "[0, 180, 649, 0, 326, 412, 230, 648, 879, 0, 425, 132, 88, 28, 0, 349, 492, 714, 834, 0, 701, 365, 0, 444, 395, 0, 792, 0, 0, 354, 900, 673, 0, 461, 40, 847, 218, 632, 0, 112, 131, 564, 339, 870, 712, 0, 891, 432, 481, 0, 0, 770, 848, 429, 90, 896, 952, 859, 835, 781, 0, 454, 993, 0, 970, 0, 399, 0, 860, 0, 0, 49, 64, 363, 795, 625, 695, 0, 586, 0, 0, 0, 0, 250, 748, 286, 128, 371, 702, 0, 601, 314, 218, 642, 0, 0, 0, 389, 373, 231]\n",
      "[0, 0, 843, 456, 72, 0, 0, 121, 0, 0, 854, 757, 0, 0, 613, 457, 845, 0, 572, 0, 690, 630, 117, 604, 436, 0, 693, 983, 354, 0, 0, 810, 285, 0, 0, 470, 128, 0, 0, 0, 0, 548, 0, 0, 259, 0, 0, 87, 569, 0, 0, 0, 0, 0, 997, 770, 55, 855, 0, 818, 885, 479, 0, 763, 0, 0, 0, 982, 0, 0, 0, 982, 598, 219, 224, 0, 658, 0, 58, 507, 0, 445, 178, 523, 0, 675, 208, 0, 0, 909, 0, 433, 0, 577, 911, 330, 807, 0, 0, 0]\n",
      "[0, 426, 768, 511, 241, 478, 0, 790, 478, 0, 0, 137, 0, 912, 473, 799, 0, 755, 61, 0, 194, 517, 895, 0, 0, 577, 509, 491, 900, 0, 0, 208, 843, 735, 691, 0, 391, 143, 217, 0, 0, 741, 0, 0, 799, 708, 999, 815, 132, 517, 36, 765, 0, 640, 0, 400, 958, 578, 118, 973, 635, 832, 966, 0, 822, 596, 891, 942, 978, 915, 0, 375, 0, 0, 860, 0, 506, 169, 0, 269, 0, 499, 176, 919, 0, 887, 0, 0, 190, 0, 504, 0, 672, 828, 0, 770, 937, 493, 0, 900]\n",
      "[121, 860, 959, 938, 812, 0, 147, 762, 267, 0, 752, 240, 418, 80, 0, 0, 912, 769, 12, 600, 0, 296, 539, 829, 0, 552, 0, 2, 673, 810, 208, 0, 132, 674, 769, 308, 612, 973, 586, 0, 0, 251, 933, 0, 0, 0, 54, 0, 622, 0, 737, 0, 0, 0, 0, 0, 475, 329, 0, 0, 701, 0, 0, 108, 0, 0, 0, 946, 864, 204, 177, 214, 0, 0, 151, 507, 676, 0, 831, 0, 0, 0, 231, 691, 248, 0, 704, 0, 199, 337, 706, 2, 0, 205, 915, 296, 0, 877, 703, 0]\n",
      "[0, 0, 938, 383, 549, 0, 0, 888, 0, 0, 0, 199, 189, 189, 346, 623, 680, 0, 667, 521, 777, 0, 0, 0, 0, 97, 698, 419, 0, 285, 843, 132, 0, 987, 0, 0, 26, 0, 924, 0, 434, 0, 0, 313, 0, 284, 127, 0, 0, 0, 134, 0, 185, 664, 280, 0, 825, 759, 0, 279, 812, 269, 0, 941, 0, 508, 558, 0, 871, 320, 310, 96, 985, 3, 0, 0, 743, 96, 975, 0, 231, 693, 0, 0, 752, 35, 0, 0, 0, 0, 533, 0, 429, 574, 454, 0, 972, 96, 60, 535]\n",
      "[0, 0, 840, 0, 368, 717, 242, 0, 87, 0, 123, 794, 0, 0, 795, 0, 544, 121, 0, 377, 0, 713, 0, 102, 828, 754, 879, 0, 461, 0, 735, 674, 987, 0, 818, 588, 131, 596, 535, 0, 348, 0, 972, 0, 0, 0, 559, 0, 295, 0, 0, 919, 422, 327, 0, 0, 0, 0, 0, 528, 0, 0, 371, 890, 762, 0, 557, 251, 0, 0, 791, 0, 0, 917, 0, 665, 197, 0, 0, 399, 0, 6, 88, 0, 0, 0, 849, 909, 810, 91, 0, 920, 607, 0, 607, 0, 409, 0, 885, 0]\n",
      "[0, 0, 0, 946, 0, 899, 408, 0, 296, 993, 0, 891, 307, 714, 37, 0, 0, 369, 0, 650, 269, 0, 849, 280, 428, 0, 21, 731, 40, 0, 691, 769, 0, 818, 0, 386, 0, 66, 0, 682, 0, 0, 978, 0, 655, 822, 0, 461, 618, 980, 353, 0, 537, 0, 258, 197, 186, 512, 0, 0, 726, 335, 0, 108, 642, 506, 373, 0, 0, 755, 0, 0, 0, 255, 288, 0, 345, 0, 282, 430, 0, 0, 0, 0, 878, 116, 295, 0, 0, 0, 212, 514, 16, 0, 0, 910, 0, 414, 0, 0]\n",
      "[60, 806, 145, 0, 981, 173, 0, 742, 326, 0, 0, 15, 0, 0, 969, 20, 654, 687, 842, 994, 15, 0, 0, 963, 450, 507, 0, 79, 847, 470, 0, 308, 0, 588, 386, 0, 0, 966, 0, 752, 0, 0, 0, 0, 235, 478, 0, 0, 4, 110, 179, 531, 747, 0, 181, 422, 489, 890, 968, 0, 0, 0, 500, 330, 0, 756, 0, 0, 267, 0, 825, 581, 0, 0, 0, 691, 387, 18, 0, 182, 0, 0, 0, 807, 0, 0, 900, 0, 253, 0, 108, 403, 477, 331, 142, 107, 211, 839, 0, 409]\n",
      "[0, 568, 0, 0, 440, 975, 396, 490, 792, 0, 153, 0, 0, 0, 142, 0, 303, 798, 376, 565, 0, 458, 197, 0, 0, 355, 980, 576, 218, 128, 391, 612, 26, 131, 0, 0, 0, 0, 0, 455, 787, 0, 142, 0, 285, 0, 970, 0, 0, 653, 937, 247, 42, 720, 0, 782, 778, 421, 0, 813, 190, 463, 0, 633, 0, 0, 25, 0, 0, 155, 0, 921, 0, 0, 907, 767, 632, 622, 0, 480, 596, 855, 0, 100, 0, 840, 7, 229, 0, 107, 0, 710, 145, 0, 0, 399, 885, 0, 0, 829]\n",
      "[0, 672, 0, 388, 740, 319, 381, 0, 0, 898, 308, 25, 0, 812, 0, 795, 757, 0, 619, 974, 0, 370, 462, 0, 0, 862, 0, 0, 632, 0, 143, 973, 0, 596, 66, 966, 0, 0, 115, 125, 0, 98, 349, 803, 958, 175, 0, 0, 308, 0, 0, 0, 189, 888, 276, 994, 0, 632, 451, 0, 816, 0, 0, 242, 814, 431, 699, 0, 568, 0, 0, 690, 479, 786, 0, 0, 592, 205, 0, 0, 995, 0, 948, 0, 468, 0, 0, 506, 0, 707, 605, 0, 46, 831, 0, 0, 950, 0, 952, 0]\n",
      "[839, 0, 0, 722, 0, 563, 0, 0, 187, 0, 86, 923, 22, 257, 0, 0, 469, 0, 0, 801, 0, 0, 495, 580, 0, 0, 0, 281, 0, 0, 217, 586, 924, 535, 0, 0, 0, 115, 0, 573, 0, 0, 0, 332, 0, 645, 879, 779, 0, 362, 656, 0, 0, 257, 0, 0, 0, 4, 477, 0, 0, 0, 421, 404, 0, 618, 779, 0, 0, 0, 596, 944, 0, 428, 936, 465, 0, 0, 443, 796, 36, 0, 195, 972, 0, 0, 0, 0, 0, 910, 0, 0, 0, 0, 0, 0, 66, 921, 0, 293]\n",
      "[62, 371, 944, 387, 0, 0, 0, 148, 677, 0, 0, 753, 0, 820, 0, 326, 0, 0, 146, 660, 618, 981, 0, 381, 672, 0, 0, 0, 112, 0, 0, 0, 0, 0, 682, 752, 455, 125, 573, 0, 0, 576, 0, 0, 0, 153, 432, 650, 960, 97, 0, 0, 848, 17, 418, 0, 659, 777, 560, 0, 0, 0, 0, 0, 883, 0, 0, 1000, 835, 41, 79, 569, 0, 434, 205, 0, 0, 0, 954, 227, 787, 0, 890, 0, 207, 0, 205, 166, 0, 577, 99, 591, 414, 302, 383, 566, 908, 870, 205, 262]\n",
      "[282, 0, 0, 674, 0, 0, 108, 0, 34, 792, 0, 0, 947, 636, 0, 0, 0, 297, 219, 629, 366, 0, 0, 188, 288, 792, 0, 0, 131, 0, 0, 0, 434, 348, 0, 0, 787, 0, 0, 0, 0, 0, 970, 299, 173, 837, 714, 0, 0, 924, 0, 0, 751, 329, 997, 0, 900, 0, 0, 0, 609, 0, 737, 89, 813, 328, 556, 0, 788, 821, 976, 618, 0, 863, 503, 908, 0, 902, 0, 176, 0, 594, 0, 0, 439, 626, 0, 256, 669, 507, 0, 285, 671, 589, 458, 0, 181, 466, 679, 484]\n",
      "[0, 617, 0, 817, 227, 0, 701, 119, 459, 0, 0, 306, 0, 994, 662, 461, 0, 0, 768, 0, 0, 502, 311, 874, 220, 457, 0, 227, 564, 548, 741, 251, 0, 0, 0, 0, 0, 98, 0, 576, 0, 0, 248, 400, 833, 0, 0, 0, 0, 779, 6, 318, 245, 611, 0, 617, 989, 0, 949, 227, 198, 0, 0, 0, 138, 0, 604, 0, 17, 25, 353, 302, 481, 178, 740, 263, 0, 960, 921, 676, 399, 941, 0, 0, 161, 193, 0, 334, 0, 0, 0, 548, 266, 0, 616, 0, 196, 546, 0, 636]\n",
      "[0, 920, 709, 552, 400, 714, 0, 121, 640, 731, 0, 709, 0, 0, 904, 187, 532, 129, 284, 272, 2, 552, 425, 0, 444, 0, 0, 40, 339, 0, 0, 933, 0, 972, 978, 0, 142, 349, 0, 0, 970, 248, 0, 746, 0, 0, 0, 680, 0, 571, 0, 534, 0, 0, 726, 29, 553, 0, 0, 938, 284, 133, 720, 153, 0, 918, 251, 732, 0, 900, 0, 0, 319, 464, 600, 958, 0, 500, 0, 754, 686, 762, 130, 0, 0, 537, 404, 0, 0, 129, 0, 0, 0, 963, 0, 385, 0, 538, 0, 0]\n",
      "[872, 852, 0, 152, 0, 788, 0, 400, 418, 149, 672, 961, 788, 128, 0, 650, 158, 67, 0, 965, 408, 0, 78, 807, 616, 0, 769, 0, 870, 0, 0, 0, 313, 0, 0, 0, 0, 803, 332, 0, 299, 400, 746, 0, 880, 204, 0, 604, 933, 0, 902, 941, 548, 889, 476, 0, 17, 906, 336, 0, 0, 0, 853, 460, 0, 136, 488, 0, 125, 0, 0, 135, 205, 0, 689, 0, 0, 591, 507, 271, 0, 0, 0, 788, 972, 0, 652, 138, 0, 0, 0, 276, 198, 967, 948, 200, 0, 0, 444, 0]\n",
      "[657, 0, 0, 172, 748, 308, 623, 686, 579, 0, 270, 595, 861, 0, 0, 988, 291, 944, 408, 0, 832, 0, 873, 808, 828, 0, 0, 0, 712, 259, 799, 0, 0, 0, 655, 235, 285, 958, 0, 0, 173, 833, 0, 880, 0, 0, 961, 105, 0, 651, 566, 365, 438, 255, 653, 0, 0, 0, 0, 0, 775, 109, 728, 0, 0, 785, 843, 0, 0, 0, 0, 0, 810, 838, 83, 902, 0, 0, 0, 0, 0, 145, 11, 98, 874, 127, 0, 186, 671, 806, 477, 0, 474, 0, 94, 847, 534, 984, 727, 0]\n",
      "[22, 136, 0, 650, 998, 820, 0, 519, 738, 579, 337, 0, 586, 592, 453, 0, 0, 0, 0, 60, 0, 199, 0, 170, 456, 0, 63, 0, 0, 0, 708, 0, 284, 0, 822, 478, 0, 175, 645, 153, 837, 0, 0, 204, 0, 0, 41, 0, 753, 0, 196, 476, 634, 0, 0, 702, 349, 785, 818, 0, 0, 0, 0, 0, 324, 178, 45, 0, 942, 988, 927, 839, 0, 847, 0, 645, 174, 464, 345, 431, 912, 40, 159, 0, 575, 13, 0, 795, 388, 730, 0, 0, 0, 595, 706, 131, 469, 993, 281, 0]\n",
      "[0, 361, 0, 756, 637, 484, 193, 746, 0, 0, 559, 273, 931, 69, 280, 0, 0, 961, 0, 980, 947, 0, 0, 682, 823, 494, 0, 678, 891, 0, 999, 54, 127, 559, 0, 0, 970, 0, 879, 432, 714, 0, 0, 0, 961, 41, 0, 0, 0, 846, 758, 0, 70, 0, 250, 594, 107, 814, 648, 129, 630, 0, 465, 895, 0, 951, 442, 283, 774, 64, 104, 659, 0, 165, 0, 0, 0, 0, 0, 842, 87, 0, 0, 472, 208, 943, 0, 274, 0, 0, 0, 0, 439, 483, 63, 787, 295, 434, 0, 361]\n",
      "[0, 204, 0, 0, 0, 854, 909, 779, 587, 0, 408, 364, 170, 975, 0, 76, 81, 291, 0, 600, 0, 702, 531, 0, 987, 776, 0, 437, 432, 87, 815, 0, 0, 0, 461, 0, 0, 0, 779, 650, 0, 0, 680, 604, 105, 0, 0, 0, 0, 0, 0, 0, 308, 24, 0, 882, 72, 688, 292, 196, 826, 849, 0, 754, 0, 0, 0, 104, 759, 697, 0, 986, 322, 284, 0, 375, 997, 10, 161, 618, 977, 0, 0, 935, 206, 232, 229, 395, 586, 0, 218, 604, 622, 897, 0, 0, 116, 830, 576, 0]\n",
      "[933, 616, 0, 556, 0, 682, 318, 349, 0, 0, 0, 720, 0, 568, 942, 667, 173, 0, 305, 0, 895, 964, 909, 209, 130, 343, 0, 120, 481, 569, 132, 622, 0, 295, 618, 4, 0, 308, 0, 960, 0, 0, 0, 933, 0, 753, 0, 0, 0, 133, 709, 418, 0, 341, 889, 0, 741, 518, 0, 968, 0, 0, 677, 863, 514, 697, 1, 117, 63, 115, 0, 0, 890, 0, 560, 933, 0, 0, 0, 336, 444, 635, 149, 941, 79, 440, 0, 762, 0, 654, 0, 0, 938, 151, 0, 794, 236, 34, 130, 654]\n",
      "[448, 0, 0, 441, 987, 3, 652, 138, 81, 0, 0, 280, 0, 0, 722, 831, 111, 0, 782, 0, 967, 755, 676, 0, 799, 536, 0, 0, 0, 0, 517, 0, 0, 0, 980, 110, 653, 0, 362, 97, 924, 779, 571, 0, 651, 0, 846, 0, 133, 0, 0, 562, 0, 397, 0, 0, 0, 26, 550, 826, 245, 0, 504, 0, 571, 74, 0, 0, 534, 111, 257, 455, 760, 0, 0, 992, 134, 696, 942, 0, 861, 442, 302, 704, 0, 629, 1, 772, 530, 0, 325, 0, 0, 506, 445, 226, 0, 439, 0, 388]\n",
      "[0, 0, 0, 698, 937, 20, 0, 0, 202, 701, 751, 631, 719, 0, 676, 0, 660, 0, 0, 0, 0, 0, 951, 0, 268, 0, 0, 0, 0, 0, 36, 737, 134, 0, 353, 179, 937, 0, 656, 0, 0, 6, 0, 902, 566, 196, 758, 0, 709, 0, 0, 0, 0, 0, 0, 622, 390, 0, 0, 0, 36, 180, 0, 0, 686, 0, 863, 82, 0, 405, 0, 0, 258, 105, 0, 399, 846, 0, 0, 605, 605, 0, 0, 0, 0, 0, 860, 508, 570, 59, 540, 0, 971, 0, 0, 516, 232, 3, 784, 0]\n",
      "[0, 0, 0, 43, 147, 303, 0, 0, 0, 179, 831, 0, 616, 0, 0, 0, 0, 547, 0, 389, 0, 0, 847, 509, 253, 0, 379, 711, 770, 0, 765, 0, 0, 919, 0, 531, 247, 0, 0, 0, 0, 318, 534, 941, 365, 476, 0, 0, 418, 562, 0, 0, 240, 0, 936, 705, 421, 548, 819, 834, 0, 0, 0, 0, 908, 337, 300, 573, 0, 724, 0, 135, 765, 560, 0, 0, 979, 50, 0, 136, 195, 80, 397, 0, 0, 0, 0, 0, 86, 0, 206, 292, 58, 0, 0, 730, 0, 368, 0, 0]\n",
      "[979, 541, 0, 0, 815, 0, 646, 464, 165, 531, 0, 529, 497, 0, 362, 67, 297, 848, 159, 0, 831, 0, 0, 440, 495, 0, 966, 0, 848, 0, 0, 0, 185, 422, 537, 747, 42, 189, 0, 848, 751, 245, 0, 548, 438, 634, 70, 308, 0, 0, 0, 240, 0, 822, 0, 0, 251, 0, 0, 427, 629, 418, 319, 0, 820, 0, 154, 563, 401, 469, 0, 0, 850, 341, 0, 529, 746, 967, 454, 784, 809, 377, 408, 0, 89, 0, 999, 331, 0, 503, 782, 0, 0, 0, 394, 921, 573, 238, 255, 0]\n",
      "[0, 357, 537, 963, 762, 0, 0, 0, 854, 214, 0, 218, 0, 242, 809, 74, 976, 794, 388, 892, 0, 149, 99, 361, 0, 0, 751, 0, 429, 0, 640, 0, 664, 327, 0, 0, 720, 888, 257, 17, 329, 611, 0, 889, 255, 0, 0, 24, 341, 397, 0, 0, 822, 0, 407, 611, 0, 0, 0, 0, 0, 0, 813, 413, 135, 770, 0, 248, 545, 979, 0, 485, 602, 0, 521, 840, 435, 0, 0, 0, 953, 551, 0, 873, 0, 874, 833, 904, 0, 0, 677, 380, 658, 913, 16, 0, 227, 52, 344, 0]\n",
      "[0, 0, 855, 0, 0, 375, 328, 641, 541, 0, 0, 280, 0, 838, 166, 295, 0, 0, 777, 896, 875, 167, 0, 0, 0, 0, 625, 0, 90, 997, 0, 0, 280, 0, 258, 181, 0, 276, 0, 418, 997, 0, 726, 476, 653, 0, 250, 0, 889, 0, 0, 936, 0, 407, 0, 647, 61, 0, 597, 487, 0, 592, 25, 868, 44, 0, 0, 965, 0, 0, 859, 0, 0, 0, 637, 0, 380, 187, 166, 328, 517, 0, 7, 559, 255, 0, 0, 289, 217, 695, 0, 616, 174, 223, 0, 553, 290, 451, 995, 603]\n",
      "[650, 645, 0, 0, 0, 876, 0, 868, 0, 927, 0, 513, 579, 403, 0, 331, 0, 370, 811, 0, 326, 797, 0, 296, 993, 203, 0, 97, 896, 770, 400, 0, 0, 0, 197, 422, 782, 994, 0, 0, 0, 617, 29, 0, 0, 702, 594, 882, 0, 0, 622, 705, 0, 611, 647, 0, 570, 0, 0, 714, 957, 0, 685, 884, 714, 225, 0, 593, 0, 991, 0, 0, 383, 464, 798, 25, 484, 72, 4, 336, 655, 8, 0, 0, 0, 6, 307, 0, 628, 0, 970, 723, 956, 154, 0, 0, 788, 526, 561, 0]\n",
      "[0, 589, 0, 0, 0, 920, 99, 270, 0, 826, 0, 0, 294, 974, 0, 152, 0, 206, 994, 0, 695, 290, 0, 0, 948, 0, 454, 0, 952, 55, 958, 475, 825, 0, 186, 489, 778, 0, 0, 659, 900, 989, 553, 17, 0, 349, 107, 72, 741, 0, 390, 421, 251, 0, 61, 570, 0, 0, 0, 0, 0, 441, 107, 0, 635, 74, 71, 512, 0, 254, 928, 0, 29, 0, 277, 648, 446, 0, 0, 231, 936, 0, 0, 419, 714, 0, 4, 420, 0, 0, 245, 0, 0, 856, 0, 0, 310, 600, 422, 398]\n",
      "[793, 659, 718, 0, 0, 103, 0, 535, 0, 673, 585, 387, 0, 427, 757, 0, 0, 326, 0, 296, 814, 0, 671, 353, 391, 0, 0, 843, 859, 855, 578, 329, 759, 0, 512, 890, 421, 632, 4, 777, 0, 0, 0, 906, 0, 785, 814, 688, 518, 26, 0, 548, 0, 0, 0, 0, 0, 0, 0, 797, 24, 897, 647, 461, 196, 655, 245, 0, 623, 0, 305, 0, 0, 306, 0, 0, 512, 623, 0, 391, 876, 0, 840, 0, 222, 0, 0, 0, 513, 0, 0, 944, 41, 550, 522, 0, 163, 0, 145, 405]\n",
      "[760, 254, 0, 0, 621, 659, 682, 0, 378, 582, 680, 661, 973, 614, 680, 84, 0, 749, 0, 0, 599, 899, 0, 0, 0, 454, 112, 410, 835, 0, 118, 0, 0, 0, 0, 968, 0, 451, 477, 560, 0, 949, 0, 336, 0, 818, 648, 292, 0, 550, 0, 819, 0, 0, 597, 0, 0, 0, 0, 0, 0, 563, 324, 0, 505, 175, 0, 914, 871, 183, 827, 0, 530, 411, 0, 0, 656, 808, 0, 756, 747, 0, 0, 0, 634, 0, 83, 0, 643, 117, 220, 667, 481, 49, 0, 0, 256, 0, 0, 828]\n",
      "[0, 0, 913, 0, 502, 0, 734, 0, 409, 0, 0, 174, 0, 161, 349, 652, 399, 229, 232, 0, 340, 0, 791, 777, 241, 227, 0, 272, 781, 818, 973, 0, 279, 528, 0, 0, 813, 0, 0, 0, 0, 227, 938, 0, 0, 0, 129, 196, 968, 826, 0, 834, 427, 0, 487, 714, 0, 797, 0, 0, 342, 0, 668, 0, 848, 0, 285, 1, 783, 834, 0, 0, 0, 950, 0, 0, 0, 630, 472, 796, 953, 0, 0, 979, 705, 843, 432, 526, 446, 538, 218, 0, 704, 175, 0, 303, 0, 970, 0, 268]\n",
      "[103, 0, 57, 123, 0, 552, 682, 0, 403, 0, 0, 0, 818, 0, 0, 861, 501, 154, 0, 0, 251, 0, 0, 0, 0, 569, 402, 799, 0, 885, 635, 701, 812, 0, 726, 0, 190, 816, 0, 0, 609, 198, 284, 0, 775, 0, 630, 826, 0, 245, 36, 0, 629, 0, 0, 957, 0, 24, 0, 342, 0, 433, 0, 0, 0, 42, 0, 52, 0, 0, 658, 70, 645, 0, 0, 124, 556, 0, 560, 55, 43, 0, 0, 0, 371, 265, 378, 908, 258, 838, 0, 97, 966, 211, 548, 771, 864, 823, 837, 199]\n",
      "[877, 614, 316, 715, 347, 129, 928, 0, 259, 0, 317, 0, 415, 0, 0, 14, 0, 0, 0, 0, 0, 465, 313, 263, 0, 796, 738, 0, 454, 479, 832, 0, 269, 0, 335, 0, 463, 0, 0, 0, 0, 0, 133, 0, 109, 0, 0, 849, 0, 0, 180, 0, 418, 0, 592, 0, 441, 897, 563, 0, 433, 0, 775, 0, 0, 624, 0, 900, 0, 778, 739, 0, 634, 962, 0, 0, 880, 160, 183, 0, 687, 0, 660, 93, 0, 568, 0, 13, 950, 0, 0, 0, 168, 0, 675, 990, 0, 9, 0, 473]\n",
      "[685, 0, 588, 633, 395, 0, 0, 0, 0, 0, 180, 751, 0, 438, 808, 0, 0, 586, 0, 0, 651, 552, 0, 151, 331, 258, 73, 123, 993, 0, 966, 0, 0, 371, 0, 500, 0, 0, 421, 0, 737, 0, 720, 853, 728, 0, 465, 0, 677, 504, 0, 0, 319, 813, 25, 685, 107, 647, 324, 668, 0, 775, 0, 0, 128, 185, 727, 336, 0, 832, 0, 514, 0, 931, 730, 374, 0, 0, 0, 588, 919, 49, 0, 0, 763, 609, 117, 0, 0, 0, 18, 783, 913, 303, 705, 0, 0, 829, 44, 830]\n",
      "[0, 169, 486, 441, 823, 0, 0, 0, 0, 405, 778, 470, 514, 841, 23, 939, 507, 0, 284, 421, 0, 54, 979, 0, 288, 0, 92, 0, 0, 763, 0, 108, 941, 890, 108, 330, 633, 242, 404, 0, 89, 0, 153, 460, 0, 0, 895, 754, 863, 0, 0, 0, 0, 413, 868, 884, 0, 461, 0, 0, 0, 0, 0, 0, 0, 0, 921, 0, 0, 434, 608, 0, 0, 0, 111, 765, 569, 0, 612, 347, 0, 0, 0, 461, 0, 471, 781, 912, 0, 264, 272, 217, 464, 623, 145, 0, 467, 803, 73, 0]\n",
      "[0, 582, 721, 0, 315, 968, 0, 0, 110, 960, 249, 391, 840, 766, 0, 0, 776, 0, 0, 915, 0, 0, 108, 0, 0, 710, 0, 460, 970, 0, 822, 0, 0, 762, 642, 0, 0, 814, 0, 883, 813, 138, 0, 0, 0, 324, 0, 0, 514, 571, 686, 908, 820, 135, 44, 714, 635, 196, 505, 848, 0, 0, 128, 0, 0, 161, 0, 0, 0, 0, 0, 0, 466, 0, 0, 343, 189, 200, 670, 850, 290, 0, 0, 960, 0, 0, 589, 164, 0, 903, 0, 919, 0, 0, 539, 682, 260, 0, 653, 219]\n",
      "[0, 0, 811, 686, 469, 127, 0, 71, 0, 899, 0, 838, 0, 57, 0, 0, 112, 0, 424, 0, 352, 416, 783, 731, 0, 0, 462, 0, 0, 0, 596, 0, 508, 0, 506, 756, 0, 431, 618, 0, 328, 0, 918, 136, 785, 178, 951, 0, 697, 74, 0, 337, 0, 770, 0, 225, 74, 655, 175, 0, 42, 624, 185, 0, 161, 0, 0, 303, 938, 838, 109, 0, 779, 0, 180, 0, 942, 0, 0, 0, 331, 21, 3, 700, 251, 0, 0, 509, 0, 326, 546, 887, 0, 366, 0, 238, 803, 0, 0, 762]\n",
      "[0, 0, 0, 414, 617, 823, 0, 829, 0, 0, 0, 0, 137, 659, 623, 0, 835, 0, 0, 837, 186, 934, 671, 0, 0, 0, 310, 0, 399, 0, 891, 0, 558, 557, 373, 0, 25, 699, 779, 0, 556, 604, 251, 488, 843, 45, 442, 0, 1, 0, 863, 300, 154, 0, 0, 0, 71, 245, 0, 285, 0, 0, 727, 921, 0, 0, 0, 0, 0, 0, 0, 572, 0, 0, 344, 0, 501, 372, 0, 316, 590, 188, 0, 0, 824, 0, 0, 0, 0, 554, 0, 725, 0, 0, 791, 677, 500, 548, 896, 0]\n",
      "[0, 0, 0, 832, 986, 0, 0, 0, 319, 0, 0, 973, 0, 0, 0, 0, 59, 210, 0, 315, 0, 265, 200, 977, 716, 0, 0, 0, 0, 982, 942, 946, 0, 251, 0, 0, 0, 0, 0, 1000, 0, 0, 732, 0, 0, 0, 283, 104, 117, 0, 82, 573, 563, 248, 965, 593, 512, 0, 914, 1, 52, 900, 336, 0, 0, 303, 0, 0, 0, 402, 82, 188, 420, 923, 0, 78, 923, 0, 64, 851, 731, 0, 698, 300, 508, 822, 90, 835, 0, 107, 319, 0, 0, 187, 0, 0, 554, 0, 0, 0]\n",
      "[62, 0, 924, 0, 0, 0, 462, 0, 39, 200, 784, 0, 921, 450, 795, 0, 318, 92, 0, 35, 0, 682, 646, 696, 0, 0, 173, 322, 860, 0, 978, 864, 871, 0, 0, 267, 0, 568, 0, 835, 788, 17, 0, 125, 0, 942, 774, 759, 63, 534, 0, 0, 401, 545, 0, 0, 0, 623, 871, 783, 0, 0, 0, 0, 0, 938, 0, 0, 0, 3, 531, 714, 265, 0, 739, 483, 942, 833, 0, 81, 714, 0, 0, 996, 0, 0, 595, 224, 223, 0, 784, 0, 840, 825, 427, 0, 302, 779, 655, 104]\n",
      "[534, 348, 0, 0, 0, 406, 0, 645, 0, 0, 795, 222, 582, 0, 696, 685, 0, 748, 742, 533, 470, 681, 13, 613, 609, 747, 0, 802, 0, 0, 915, 204, 320, 0, 755, 0, 155, 0, 0, 41, 821, 25, 900, 0, 0, 988, 64, 697, 115, 111, 405, 724, 469, 979, 0, 991, 254, 0, 183, 834, 0, 778, 832, 434, 0, 838, 0, 402, 3, 0, 28, 44, 0, 0, 0, 0, 95, 785, 0, 461, 587, 2, 599, 323, 0, 623, 959, 0, 0, 0, 605, 507, 827, 865, 695, 106, 37, 209, 657, 0]\n",
      "[258, 0, 0, 900, 0, 935, 984, 1, 947, 0, 621, 182, 641, 539, 0, 0, 0, 573, 0, 926, 715, 159, 804, 0, 0, 769, 0, 240, 0, 0, 0, 177, 310, 791, 0, 825, 0, 0, 596, 79, 976, 353, 0, 0, 0, 927, 104, 0, 0, 257, 0, 0, 0, 0, 859, 0, 928, 305, 827, 0, 658, 739, 0, 608, 0, 109, 0, 82, 531, 28, 0, 0, 565, 879, 111, 0, 0, 0, 92, 627, 670, 314, 322, 0, 592, 0, 542, 793, 564, 690, 244, 72, 0, 0, 0, 102, 0, 667, 0, 137]\n",
      "[503, 0, 380, 413, 0, 0, 0, 0, 246, 0, 90, 211, 918, 0, 0, 0, 330, 0, 828, 542, 0, 0, 0, 175, 871, 606, 0, 0, 49, 982, 375, 214, 96, 0, 0, 581, 921, 690, 944, 569, 618, 302, 0, 135, 0, 839, 659, 986, 0, 455, 0, 135, 0, 485, 0, 0, 0, 0, 0, 0, 70, 0, 514, 0, 0, 0, 572, 188, 714, 44, 0, 0, 0, 912, 0, 15, 586, 302, 610, 857, 222, 0, 515, 706, 0, 0, 0, 788, 0, 483, 0, 0, 86, 0, 457, 0, 0, 826, 0, 0]\n",
      "[0, 217, 738, 717, 273, 16, 875, 188, 512, 0, 0, 615, 336, 586, 30, 338, 236, 0, 649, 994, 832, 310, 0, 542, 0, 0, 0, 0, 64, 598, 0, 0, 985, 0, 0, 0, 0, 479, 0, 0, 0, 481, 319, 205, 810, 0, 0, 322, 890, 760, 258, 765, 850, 602, 0, 383, 29, 0, 530, 0, 645, 634, 0, 0, 466, 779, 0, 420, 265, 0, 565, 0, 0, 227, 0, 0, 0, 0, 0, 0, 0, 0, 0, 579, 664, 0, 929, 554, 952, 0, 852, 0, 788, 131, 207, 0, 0, 393, 833, 281]\n",
      "[0, 658, 225, 758, 0, 0, 288, 181, 802, 7, 0, 0, 797, 71, 800, 0, 452, 144, 434, 121, 0, 0, 0, 844, 173, 0, 55, 0, 363, 219, 0, 0, 3, 917, 255, 0, 0, 786, 428, 434, 863, 178, 464, 0, 838, 847, 165, 284, 0, 0, 105, 560, 341, 0, 0, 464, 0, 306, 411, 950, 0, 962, 931, 0, 0, 0, 0, 923, 0, 0, 879, 912, 227, 0, 0, 521, 567, 817, 0, 0, 0, 0, 0, 229, 829, 836, 10, 0, 0, 148, 0, 0, 0, 0, 465, 752, 0, 0, 0, 711]\n",
      "[292, 890, 0, 0, 0, 0, 0, 0, 365, 0, 217, 243, 388, 942, 0, 0, 81, 582, 800, 266, 434, 0, 0, 0, 422, 176, 687, 338, 795, 224, 860, 151, 0, 0, 288, 0, 907, 0, 936, 205, 503, 740, 600, 689, 83, 0, 0, 0, 560, 0, 0, 0, 0, 521, 637, 798, 277, 0, 0, 0, 0, 0, 730, 111, 0, 180, 344, 0, 739, 0, 111, 0, 0, 0, 0, 348, 333, 770, 142, 0, 0, 0, 901, 636, 200, 29, 0, 0, 2, 752, 512, 0, 617, 511, 140, 916, 522, 0, 600, 86]\n",
      "[0, 0, 882, 910, 225, 886, 595, 0, 0, 914, 0, 0, 907, 694, 0, 0, 108, 0, 430, 467, 486, 747, 316, 180, 347, 755, 142, 979, 625, 0, 0, 507, 0, 665, 0, 691, 767, 0, 465, 0, 908, 263, 958, 0, 902, 645, 0, 375, 933, 992, 399, 0, 529, 840, 0, 25, 648, 0, 0, 0, 124, 0, 374, 765, 343, 0, 0, 78, 483, 0, 0, 15, 0, 521, 348, 0, 0, 0, 825, 210, 115, 617, 692, 726, 0, 0, 0, 100, 0, 188, 0, 855, 0, 0, 0, 0, 883, 513, 0, 6]\n",
      "[0, 283, 0, 0, 997, 0, 300, 693, 472, 0, 92, 0, 261, 0, 53, 89, 0, 363, 0, 0, 106, 0, 0, 0, 911, 578, 0, 0, 695, 658, 506, 676, 743, 197, 345, 387, 632, 592, 0, 0, 0, 0, 0, 0, 0, 174, 0, 997, 0, 134, 846, 979, 746, 435, 380, 484, 446, 512, 656, 0, 556, 880, 0, 569, 189, 942, 501, 923, 942, 95, 0, 586, 0, 567, 333, 0, 0, 831, 0, 562, 161, 0, 321, 348, 655, 610, 0, 825, 0, 0, 0, 0, 89, 265, 0, 28, 0, 400, 376, 0]\n",
      "[223, 862, 87, 0, 956, 0, 10, 0, 533, 0, 0, 230, 0, 995, 0, 428, 617, 0, 0, 612, 167, 454, 477, 497, 0, 0, 996, 0, 0, 0, 169, 0, 96, 0, 0, 18, 622, 205, 0, 0, 902, 960, 500, 591, 0, 464, 0, 10, 0, 696, 0, 50, 967, 0, 187, 72, 0, 623, 808, 630, 0, 160, 0, 0, 200, 0, 372, 0, 833, 785, 0, 302, 0, 817, 770, 0, 831, 0, 477, 0, 929, 59, 0, 789, 0, 724, 0, 909, 0, 190, 212, 287, 0, 582, 896, 568, 39, 0, 153, 0]\n",
      "[0, 0, 55, 0, 867, 244, 0, 19, 760, 963, 936, 744, 0, 265, 467, 998, 0, 0, 0, 0, 229, 938, 0, 380, 918, 0, 0, 808, 586, 58, 0, 831, 975, 0, 282, 0, 0, 0, 443, 954, 0, 921, 0, 507, 0, 345, 0, 161, 0, 942, 0, 0, 454, 0, 166, 4, 0, 0, 0, 472, 560, 183, 0, 612, 670, 0, 0, 64, 0, 0, 92, 610, 0, 0, 142, 825, 0, 477, 0, 0, 305, 113, 948, 273, 555, 77, 689, 380, 309, 169, 365, 0, 0, 0, 205, 408, 11, 414, 0, 51]\n",
      "[327, 0, 0, 594, 564, 573, 520, 108, 626, 304, 835, 437, 691, 0, 874, 459, 0, 0, 0, 859, 0, 391, 479, 0, 775, 527, 798, 163, 0, 507, 269, 0, 0, 399, 430, 182, 480, 0, 796, 227, 176, 676, 754, 271, 0, 431, 842, 618, 336, 0, 605, 136, 784, 0, 328, 336, 231, 391, 756, 796, 55, 0, 588, 347, 850, 0, 316, 851, 81, 461, 627, 857, 0, 0, 0, 210, 562, 0, 0, 0, 0, 0, 0, 422, 0, 891, 230, 0, 448, 491, 932, 0, 777, 0, 658, 221, 0, 657, 349, 0]\n",
      "[894, 0, 687, 0, 511, 822, 0, 347, 371, 855, 798, 0, 0, 57, 0, 515, 0, 797, 249, 0, 841, 0, 0, 10, 0, 506, 0, 922, 0, 0, 0, 0, 231, 0, 0, 0, 596, 995, 36, 787, 0, 399, 686, 0, 0, 912, 87, 977, 444, 861, 605, 195, 809, 953, 517, 655, 936, 876, 747, 953, 43, 687, 919, 0, 290, 331, 590, 731, 714, 587, 670, 222, 0, 0, 0, 115, 161, 929, 305, 0, 0, 0, 0, 0, 917, 694, 980, 203, 507, 0, 148, 640, 0, 0, 24, 0, 324, 227, 0, 0]\n",
      "[0, 210, 119, 0, 0, 102, 0, 722, 85, 742, 849, 768, 0, 876, 869, 0, 421, 559, 157, 0, 742, 547, 2, 657, 0, 0, 564, 209, 0, 445, 499, 0, 693, 6, 0, 0, 855, 0, 0, 0, 594, 941, 762, 0, 145, 40, 0, 0, 635, 442, 0, 80, 377, 551, 0, 8, 0, 0, 0, 0, 0, 0, 49, 0, 0, 21, 188, 0, 0, 2, 314, 0, 0, 0, 0, 617, 0, 59, 113, 0, 0, 0, 0, 0, 0, 939, 678, 573, 595, 0, 0, 565, 325, 142, 671, 0, 76, 490, 470, 0]\n",
      "[875, 0, 793, 243, 992, 943, 433, 68, 434, 0, 205, 209, 823, 461, 88, 0, 0, 340, 654, 571, 0, 725, 735, 0, 504, 0, 835, 25, 0, 178, 176, 231, 0, 88, 0, 0, 0, 948, 195, 890, 0, 0, 130, 0, 11, 159, 0, 0, 149, 302, 0, 397, 408, 0, 7, 0, 0, 840, 0, 0, 0, 660, 0, 0, 0, 3, 0, 698, 0, 599, 322, 515, 0, 0, 901, 692, 321, 0, 948, 0, 0, 0, 0, 599, 546, 0, 566, 0, 0, 0, 0, 0, 0, 477, 158, 0, 303, 958, 0, 615]\n",
      "[325, 337, 0, 636, 788, 0, 0, 0, 0, 172, 21, 1000, 990, 976, 764, 622, 220, 0, 589, 0, 0, 0, 0, 799, 451, 0, 0, 115, 250, 523, 919, 691, 0, 0, 0, 807, 100, 0, 972, 0, 0, 0, 0, 788, 98, 0, 472, 935, 941, 704, 0, 0, 0, 873, 559, 0, 419, 0, 0, 979, 0, 93, 0, 461, 960, 700, 0, 300, 996, 323, 0, 706, 579, 229, 636, 726, 348, 789, 273, 422, 0, 0, 599, 0, 678, 855, 544, 0, 0, 573, 75, 0, 0, 0, 806, 0, 363, 791, 68, 749]\n",
      "[202, 152, 0, 0, 983, 15, 12, 768, 218, 0, 203, 852, 971, 576, 0, 969, 648, 265, 0, 0, 0, 0, 666, 37, 374, 79, 0, 238, 748, 0, 0, 248, 752, 0, 878, 0, 0, 468, 0, 207, 439, 161, 0, 972, 874, 575, 208, 206, 79, 0, 0, 0, 89, 0, 255, 0, 714, 222, 634, 705, 371, 0, 763, 0, 0, 251, 824, 508, 0, 0, 592, 0, 664, 829, 200, 0, 655, 0, 555, 0, 917, 0, 546, 678, 0, 517, 0, 150, 854, 0, 318, 922, 0, 0, 0, 951, 525, 0, 0, 877]\n",
      "[193, 0, 303, 0, 627, 258, 0, 310, 0, 160, 417, 0, 0, 856, 852, 0, 0, 0, 56, 743, 658, 682, 177, 0, 953, 848, 291, 29, 286, 675, 887, 0, 35, 0, 116, 0, 840, 0, 0, 0, 626, 193, 537, 0, 127, 13, 943, 232, 440, 629, 0, 0, 0, 874, 0, 6, 0, 0, 0, 843, 265, 568, 609, 471, 0, 0, 0, 822, 0, 623, 0, 0, 0, 836, 29, 0, 610, 724, 77, 891, 694, 939, 0, 855, 517, 0, 0, 580, 0, 233, 0, 133, 0, 522, 942, 0, 435, 842, 481, 329]\n",
      "[0, 826, 956, 51, 499, 0, 0, 429, 0, 799, 459, 419, 513, 0, 461, 136, 0, 0, 0, 160, 0, 0, 668, 0, 535, 0, 0, 314, 128, 208, 0, 704, 0, 849, 295, 900, 7, 0, 0, 205, 0, 0, 404, 652, 0, 0, 0, 229, 0, 1, 860, 0, 999, 833, 0, 307, 4, 0, 83, 432, 378, 0, 117, 781, 589, 0, 0, 90, 595, 959, 542, 0, 929, 10, 0, 0, 0, 0, 689, 230, 980, 678, 566, 544, 0, 0, 0, 0, 0, 999, 118, 4, 0, 854, 828, 0, 556, 275, 0, 0]\n",
      "[733, 209, 0, 0, 436, 0, 0, 347, 798, 855, 987, 954, 201, 0, 0, 0, 0, 101, 0, 0, 340, 0, 0, 907, 0, 788, 180, 150, 371, 0, 0, 0, 0, 909, 0, 0, 229, 506, 0, 166, 256, 334, 0, 138, 186, 795, 274, 395, 762, 772, 508, 0, 331, 904, 289, 0, 420, 0, 0, 526, 908, 13, 0, 912, 164, 509, 0, 835, 224, 0, 793, 788, 554, 0, 0, 100, 825, 909, 380, 0, 203, 573, 0, 0, 150, 580, 0, 0, 0, 0, 666, 0, 0, 977, 156, 587, 295, 529, 135, 41]\n",
      "[701, 807, 945, 890, 366, 936, 660, 95, 168, 518, 0, 0, 403, 0, 425, 451, 0, 0, 0, 0, 0, 0, 763, 0, 0, 0, 68, 134, 702, 0, 190, 199, 0, 810, 0, 253, 0, 0, 0, 0, 669, 0, 0, 0, 671, 388, 0, 586, 0, 530, 570, 86, 0, 0, 217, 628, 0, 513, 643, 446, 258, 950, 0, 0, 0, 0, 0, 0, 223, 0, 564, 0, 952, 0, 2, 0, 0, 0, 309, 448, 507, 595, 0, 0, 854, 0, 0, 0, 0, 283, 490, 0, 202, 0, 0, 738, 445, 967, 0, 524]\n",
